3883 7013
3927 6077
2163 7554
645 7869
892 6498
69 4282
3021 6696
1322 4987
1665 4949
1036 8044
2822 4655
2630 6200
3873 5738
1586 5271
1501 6497
2452 5226
809 7749
1879 4328
1337 5425
1718 7484
2094 6005
3944 6456
1411 7903
2612 6402
1024 5445
365 6133
2744 7632
1369 4996
138 7092
2889 4581
1190 4999
1168 6771
2295 5805
2306 7786
3053 4855
3345 6746
760 4435
2341 5563
101 8009
2336 8065
3008 7899
2109 5828
2131 5837
1454 6820
2031 7897
1633 5472
2778 7053
2072 5374
3661 4378
1767 6955
3399 6266
1995 7743
2263 4255
3930 4510
479 7983
3798 6765
1105 5105
347 5857
3666 7637
1729 7980
3434 5154
3167 5266
2412 5141
2876 4589
1237 7902
846 4746
3477 4715
3698 5821
1031 8169
249 6245
909 6122
2921 6492
333 6527
628 6867
2463 6724
3397 7498
1899 7258
893 4539
1840 7441
3581 4531
3830 7004
2787 6161
518 8004
1315 6895
3863 4672
1850 4998
2499 4794
1083 7909
962 5762
2427 6758
2480 4450
1982 7896
468 6362
2559 6406
3449 7209
234 7876
2544 5862
941 5961
1179 6754
2331 5275
3566 4895
555 5674
666 7894
1295 6124
1956 4642
1950 7091
88 7039
1549 6244
2280 6852
1554 4532
3172 6380
1686 6710
481 7058
352 7038
2250 6535
3317 7755
1437 5875
2363 7084
1855 5618
3680 7562
1200 7149
2077 5819
3534 6379
1750 4281
3185 4796
408 4745
977 6204
170 4612
3681 7582
1211 7256
523 4372
2309 6210
2976 6181
762 4671
2512 4322
582 7228
3072 5172
1924 6254
1005 6548
2210 7453
2117 5212
2940 6445
1596 4817
1406 5915
2104 7121
730 6658
1290 4418
1882 4830
217 7825
276 7110
2231 7049
2622 5510
1068 7722
3858 7420
2808 4997
3762 5387
2644 6585
3905 4425
1522 7182
3230 7611
2381 4461
3813 5011
2495 7703
2395 7908
2908 7567
2062 7434
3549 4303
2776 6226
2659 5626
3417 5770
3509 7883
3285 6624
3377 4734
994 5838
2527 5630
3040 7144
3153 7596
2953 4641
2590 4360
1401 4867
3460 4555
1422 6616
308 7884
2947 6667
1569 4494
1939 4701
2248 6599
3912 6610
3098 5930
741 6074
1073 6692
2671 6198
1544 4154
2676 7985
2014 5951
3910 4275
5 5515
1728 6875
3108 7470
3012 7731
1205 7224
449 7989
2282 6901
247 4341
1591 4225
120 4620
2099 4633
2114 5231
2837 7304
1142 8173
379 7193
1269 4186
878 6733
440 7594
655 5277
3498 6030
511 6192
2380 7118
1971 7043
1793 6775
3402 4155
2854 6572
1533 5971
614 4288
1692 4639
269 4172
1305 7518
202 5469
597 6146
1041 6837
861 4768
3382 6531
1173 5723
1486 4384
1671 7044
3781 4623
1458 6946
3848 7988
1497 5898
10 6480
2195 5160
3017 4975
1078 5914
1788 4922
1426 4816
3217 5403
3530 4358
3794 7047
1608 6182
3439 5696
385 4308
1655 5582
384 5745
56 6925
3120 4260
3429 7798
3049 7746
3745 4735
2607 7389
2686 5484
1756 5606
1310 8077
533 7586
3004 6241
2035 7285
3367 7558
3648 7322
3135 8032
3942 4291
550 5794
3649 5312
3365 4357
142 4916
2740 5495
2918 4882
3044 7593
1735 6726
1867 6377
500 6939
2184 4873
3175 6261
1164 7305
1999 5815
2316 7318
3446 5635
715 4568
2448 6026
3338 6481
2933 5430
1275 7914
2141 4347
2434 6314
472 4355
1872 7631
2712 7098
3616 4209
1233 6434
814 4880
1327 5123
3693 4694
2476 5432
2627 6348
2168 5304
1260 6656
698 5384
1919 6683
3253 8081
1988 7826
3826 6810
2459 5910
3414 6581
1342 6319
3121 8137
747 5565
913 5609
3481 6093
3562 7086
1640 8096
2580 6512
2901 5768
945 5201
3313 7871
1063 7546
1954 7815
2844 5127
340 6664
3577 5100
2042 5241
538 4258
1354 6061
153 7601
2146 5905
1507 6420
1222 4158
930 6120
3895 7474
3717 6848
2360 6651
670 7847
3276 4971
2575 4572
1835 5992
709 7517
2516 7868
1887 6229
829 5456
3370 6022
174 7197
1095 7906
404 4960
3335 6442
1196 7081
1746 8028
3103 5748
898 4457
185 6322
3836 6246
3236 6495
3629 5452
2348 5335
3350 5641
3545 4549
2723 5291
2046 5134
2972 5102
3634 4806
3766 5284
2432 6751
1914 6458
1127 5073
2763 7918
3915 7186
2548 7102
1782 6630
2491 7905
1243 6337
3502 6579
42 6331
2985 5659
2227 5550
1391 6271
3249 5918
782 7841
1441 5902
2020 6926
841 5314
3513 7930
417 6262
24 7486
973 7623
885 5059
3088 7934
3777 4755
1046 7061
288 4451
1613 6225
3308 5191
2010 4818
1935 7658
3947 7045
1650 7729
3730 4597
1645 5733
1921 5086
2886 8017
1359 5512
1601 7772
1386 4173
3281 5088
3466 7604
301 7904
3898 4990
2082 4772
3140 7472
1724 6354
1475 4774
320 6310
3809 6553
2173 5957
565 4430
1366 4473
2400 7331
1529 4862
1967 4462
2067 4472
2825 5588
2819 6530
436 7046
3880 4718
3878 4747
2136 7705
37 4136
1904 6190
1518 5996
1265 5566
1703 7968
2531 7202
2405 6956
1228 6806
1623 5299
1482 6269
3597 5671
25 7641
1254 7925
3688 7736
2869 6376
651 6799
257 6196
3061 5478
3820 4684
3891 6388
2654 7378
389 5751
3248 5223
52 6080
724 5318
3204 4204
3442 6999
1055 4621
1409 7542
3263 5196
1287 4373
3221 5454
14 5802
1709 5924
2328 6392
2916 8066
3938 4593
3029 7674
570 5175
3425 5956
1792 6220
1430 7232
3644 4864
2735 6035
2814 7696
1985 4740
2039 6629
3275 8111
184 5718
1660 5087
1298 7718
1760 6637
3131 5075
3116 5183
2667 7142
719 7938
2339 6199
785 5517
3046 7669
3689 5098
3342 5161
2269 8046
2755 5416
372 7583
3495 6803
504 5418
1871 6298
3574 6650
110 6661
2708 6036
3821 5448
1907 5990
2501 7162
3617 4771
1330 4366
2444 4760
1860 5698
1264 4754
2217 5732
587 5103
1323 4523
3612 6435
619 7089
838 5256
3148 4382
3653 7496
1511 6248
917 6767
702 6983
751 7700
3485 4262
802 6477
3776 6576
125 4561
344 5029
2682 8183
3125 7006
1826 5010
3542 7432
1313 7814
1279 8102
3410 7390
2185 7845
1455 5773
3280 5763
3749 4567
3845 7801
2562 5813
3089 4277
2488 5399
1832 8093
2897 5200
934 6397
357 5631
1191 5683
3744 4477
1992 5222
3353 4909
2126 6845
3803 6142
2466 7639
196 4674
1059 7057
1132 4280
3043 6752
3855 6365
949 6125
2745 4237
2356 4720
2571 6604
3713 4978
157 7547
2703 8133
542 5730
460 7557
559 6960
3099 6959
2857 6783
2767 4132
3180 7912
2852 5811
1545 6453
2420 7507
1922 6451
2691 5016
902 5676
2713 5628
3517 6561
638 5690
853 5146
3840 8063
1892 5796
3374 8101
3385 6109
3463 7671
1379 6621
2169 4307
2403 7797
3638 4636
1087 4775
1514 8129
189 7987
20 7732
1147 8076
1247 4627
2049 6092
2552 6982
1704 4413
421 5669
870 5308
1890 6056
1479 4150
46 5608
1609 6910
969 5295
93 4894
2373 4318
606 5859
3919 5899
1347 7809
1572 7974
1013 6501
3216 4900
1741 6439
1398 4937
881 8023
3084 6571
416 4678
1115 4250
2635 7187
2929 7019
325 6396
3470 5649
3312 8157
152 7439
3902 6872
3657 8039
1931 4984
3734 4181
3014 6788
2520 4944
2730 4392
228 4724
3951 4316
2158 4578
2024 7529
1641 4837
3835 6360
3708 6221
289 7093
1773 6994
448 7085
2301 5520
1815 7717
1494 5518
57 8103
2989 4123
316 4332
1362 7400
1963 6743
3602 6717
3557 5422
78 4530
1875 8031
2388 6565
3866 4902
2533 5880
1100 7333
261 7082
1232 6114
3268 4804
3258 4829
29 4180
2829 7476
3788 7358
238 6965
2456 4546
2007 6381
2178 6993
216 8038
1489 5005
2950 6785
2237 7205
1415 7347
475 4390
924 6202
3322 8100
2616 6257
1946 6032
1465 7229
492 4645
164 5975
3524 6062
3431 6509
1302 5596
756 6317
1664 6902
2794 4896
3887 7655
2324 7635
1714 4535
2027 5497
3199 4953
789 5348
3934 4938
2105 5647
3075 7480
1811 7185
179 7459
1450 7957
2090 6701
591 7268
3393 7348
1373 5620
2996 6678
443 7581
3724 7993
1911 4596
3295 4863
2782 6871
1040 7343
2893 6618
1632 4394
321 5138
2469 6641
3670 5744
376 7371
2259 4397
3163 4431
2650 6178
3453 5242
2451 5864
2236 7033
623 5458
3527 8029
3473 4512
3702 6018
253 6233
1334 6847
211 5891
2880 7152
1682 8098
485 6253
1136 4243
834 6103
1858 8128
3438 4166
2122 7687
106 5807
3525 7795
1864 7066
3621 4314
2925 7276
1978 7392
121 7251
514 6270
1151 6838
937 7873
2291 6991
1383 6474
3357 7065
574 4238
2254 5682
1020 6832
348 8040
3569 7377
1677 6575
2540 6587
2034 5747
806 6873
84 4325
3300 7516
3093 6155
3923 7784
1960 4861
2555 7097
3290 8189
1581 5539
353 6744
2335 4847
966 7533
2777 6646
3152 5948
1183 4294
1283 7640
2073 6907
1051 5758
3771 6300
821 4141
3851 6842
2017 4337
905 4613
480 4508
660 4913
507 5776
3389 7859
602 4599
981 4657
766 7116
2964 6461
2058 6004
147 4361
1843 5439
1169 7037
397 8084
687 4374
2367 5962
2437 4482
3537 6516
1928 7267
3068 7970
1377 4677
280 4839
2618 4946
2833 4219
3189 4312
3739 4563
2281 4778
2861 6415
1215 4853
61 4886
634 5767
1896 6569
877 4340
692 4432
2190 6368
3421 7124
734 8185
3712 6174
1447 6173
2483 8097
293 5110
956 5991
866 4814
1886 4766
3505 6431
3685 7036
3808 5906
3036 7715
2530 8050
453 5754
2523 7664
1796 6351
1119 6237
132 5983
1622 8116
2424 7454
774 5502
2371 7157
2979 5783
1394 8142
2772 5493
3157 5705
396 4604
1526 6859
3676 5170
2137 6063
89 5854
1351 7887
133 5174
3361 4485
2002 5467
3243 6393
2809 6970
998 4919
3756 5580
2242 6933
411 5325
1345 7261
988 4120
2799 7833
2286 5298
2639 7649
3327 5856
1433 6564
2750 6777
243 4665
1405 5350
116 6718
2103 8099
1943 7537
428 4369
1201 4797
2804 4912
2965 7657
1 4444
1600 5911
3870 6172
3588 6188
1104 4393
1242 5179
265 7892
3559 7839
849 6095
3606 6236
3211 6736
2392 7967
2154 6537
3906 4858
527 4930
312 6108
74 6437
3492 5800
2718 7075
3406 7467
2205 7773
1696 6611
3184 4118
206 4860
2586 6568
2982 4925
2884 6212
1975 7704
3510 5687
1564 4311
2762 6519
3378 7017
2118 7617
810 7405
381 5440
1863 5157
3435 7301
307 5922
1651 5771
1604 6117
3899 4574
2922 8095
3151 7685
2011 4541
3097 7510
292 4928
3229 7316
3011 4168
1206 5344
6 4227
233 7536
452 7212
920 6344
248 5952
3857 7950
60 5818
380 6116
3450 4333
3503 6205
3459 7026
117 4924
512 4590
942 6864
439 5352
3591 4785
3301 5536
2204 4538
3303 7875
678 5349
2473 5579
270 5254
529 7154
3567 5917
2574 4615
1438 6978
3720 5037
661 6698
546 7391
793 6147
3169 5934
3265 5153
2646 5759
925 4826
3852 7401
85 7735
1306 7248
201 5180
3531 5804
1199 6156
3635 4176
2364 7494
2164 7972
1153 6065
761 7870
3186 5664
2047 5825
3318 6385
1470 5328
1915 7548
2093 4124
1783 4447
2737 4835
220 6044
366 4857
1311 6047
534 6882
3767 7724
2232 4951
2296 6148
2307 5949
3054 8140
2641 5933
102 7787
2083 5023
1067 4241
2496 4402
2621 8154
2790 6479
2660 4918
2905 4310
714 5642
1868 8172
2382 4566
2061 6828
3550 5501
2773 5504
2000 7920
1636 4713
3418 4442
3795 6049
1047 6455
1730 4515
798 6517
3037 6829
1057 8139
3679 4681
1163 5147
2606 5347
1274 5556
2441 4592
2673 5130
2589 4840
334 7073
3735 4732
2705 6361
2264 5850
2409 4388
1387 4380
1900 4958
910 7770
1223 5742
3261 4129
957 7191
746 5555
1091 7570
3827 8058
2428 4831
3711 8024
2733 4699
1343 6294
2560 5000
2805 5168
2249 7088
1021 7577
3603 4698
778 4426
1042 7052
952 4110
2541 7307
1519 6504
2596 7538
3867 5829
2277 6800
1355 6251
1580 4349
1255 7860
302 4338
260 7132
1123 4899
862 6485
349 6467
1570 5264
1174 4877
28 6412
1676 7274
2133 6709
38 5251
1217 7940
598 4165
2147 4178
160 4616
3022 6334
1502 7216
820 5233
561 8119
1666 4680
392 5369
1487 6979
3610 5129
297 7999
70 5712
3742 8181
2969 7455
3752 4468
424 4756
3239 8088
3069 6888
407 5464
3371 6563
3884 4319
630 6917
2937 7355
3233 5194
192 5139
3154 6083
429 7241
3134 7350
1824 7659
275 5367
788 8104
2150 5901
1370 6662
137 4229
21 6802
3816 5704
1619 6250
2032 6559
165 6655
3814 5619
2986 6626
815 5530
2414 7853
2132 7153
2890 5692
3250 5296
729 6110
2528 5966
3664 7217
3207 7629
2396 4788
33 6886
3514 4203
3682 5042
3339 7844
3778 7702
1238 6013
2015 6398
3889 6041
3471 5410
3286 5230
1883 5008
197 4516
1920 7933
3282 5333
92 5589
1423 7803
3948 7984
3307 6690
916 5320
3166 5789
2445 4989
3271 5262
467 7429
2464 7540
1938 5869
2758 6550
2873 7508
229 7728
847 5270
566 7942
484 7323
1032 4805
252 7068
1837 5827
3269 6684
1602 4364
3618 6139
361 7648
1365 6856
2628 5398
65 7370
2670 5096
3810 6281
2433 4947
2477 7898
3403 7820
1968 4832
3090 6963
2565 8025
3198 4553
879 6054
852 6070
2663 5997
1555 7650
2332 4948
2826 4965
435 5594
3314 7956
2820 7808
3297 7079
3137 4507
3499 4443
3065 7069
3349 5787
3556 4245
97 5485
3578 5065
329 6627
1178 7462
2872 7634
1951 7437
1888 5765
1296 5874
3718 5558
665 5257
3877 4622
3600 5188
1687 6620
1457 5258
3894 4133
2068 7630
1624 7478
583 6263
2200 7823
2609 5931
522 7172
830 7763
889 5346
2179 5487
3546 6892
3144 7163
461 5781
3535 5928
1836 5849
1787 5570
2181 6542
493 5321
1210 5964
1656 7647
1079 5523
1027 5235
2327 4207
2213 8184
757 6313
3028 5877
3926 6761
3050 7042
2345 6541
682 4470
2211 7071
1407 4791
2344 7137
2313 5358
3763 5643
2492 6158
551 4679
1128 6340
3727 8047
1281 5531
2741 4608
1392 7783
3667 4254
3647 6911
2112 4501
1291 5389
710 6938
456 4108
3931 5972
3033 5206
3408 6525
1910 5294
842 4736
324 4356
1573 4359
3799 7665
974 5826
3595 8151
2769 4728
3445 5896
1012 8118
2653 7791
224 4783
3731 6089
1983 6924
2895 5474
3078 7720
593 6140
1360 6645
2245 4824
1350 6708
1936 6809
519 6676
3105 4650
3467 5538
3699 7257
1592 6597
742 6903
2300 5310
3784 5568
578 7995
697 7278
3909 7170
3782 6256
3615 4905
1234 5302
1541 4875
1089 6996
2498 5375
3831 6028
874 5407
2157 6021
2840 4631
2115 7477
3482 5317
1762 6502
2515 5025
3254 7768
2100 4471
3413 4653
1270 7866
1851 7471
1772 4564
1259 8022
3122 5936
2946 6908
2990 5615
317 6164
2377 4712
2801 6812
650 7691
948 5250
1534 7589
1794 6763
1017 5033
1953 4099
2685 4600
1804 6411
156 5462
615 5667
3862 7313
2841 5950
1328 7219
2973 5736
1121 6079
2359 6997
1375 4786
2577 4344
3381 4777
1064 6615
1970 6025
1227 6552
1111 4226
2709 5766
3218 5855
1856 6085
725 4304
980 6540
2692 4194
1498 6711
9 7559
1587 6821
2694 4495
1425 4652
1096 5066
188 4438
2509 7060
3102 4917
1672 5884
3704 4206
1006 5060
3518 4498
388 5714
1878 7745
3386 4410
2726 6945
2631 5365
53 5473
1138 8083
2724 7711
1719 5544
356 6476
2858 4235
2537 5622
3119 6285
3746 5056
3632 6347
169 7800
141 5605
869 6464
3916 8120
3237 7828
610 5400
1755 7115
3941 4632
783 5688
2638 6475
420 6936
1118 6460
3205 6640
499 4184
2268 6941
3440 4205
3001 4557
989 5731
3060 6358
3176 5577
3087 6433
3018 4144
1397 7804
1361 4904
2830 7842
328 7218
1567 7555
471 4714
256 5496
2460 5278
1493 5814
2798 5289
1683 4192
884 4519
1329 5055
1160 4305
3775 4276
3141 5633
3952 7725
3311 7848
2877 6064
1028 5166
1082 6720
2023 6186
3326 7739
3143 6944
488 5590
1942 7609
225 6922
1659 4936
3922 5211
124 4271
1964 6075
3000 6016
2323 5777
3179 5156
339 7246
3846 7862
1292 6136
933 6523
77 7673
3622 7245
3407 4334
554 4907
753 5081
2561 6780
3210 4819
3094 4725
1739 6932
193 7895
1461 5701
537 8190
3714 4228
669 6605
3728 5528
2868 4554
3596 4710
901 4130
2419 4497
476 7714
3441 5798
2312 6693
3010 4705
2455 4513
2080 6878
642 6688
1414 5820
2053 4296
2196 6764
2240 6384
526 7151
1842 7560
637 6015
1584 5319
489 6741
1937 5613
2613 5593
3032 6534
2172 6306
3428 5300
1810 6105
1791 4114
1214 5028
3194 6113
2349 4891
2108 4939
2038 6934
1446 7340
2551 7810
1016 4751
3671 4454
2085 8080
1207 7779
590 7813
3723 5057
3643 6866
2666 7452
1889 7943
3555 5977
1644 7633
1612 6601
2649 4131
679 4466
1039 7416
970 5240
2978 5700
2472 4149
2317 6315
3294 6430
547 7500
1744 6452
3573 6409
212 5109
706 4231
2781 7695
3935 7891
96 6034
1419 6687
701 5526
2304 4993
1984 5067
837 6792
3242 7463
3703 6612
1825 6069
2968 6335
393 4440
1114 5232
1324 7924
2285 7404
2504 6834
647 7947
1263 6824
997 5839
3611 6033
3656 4773
2450 5527
2932 5176
3486 5958
2125 6101
3654 4111
1588 5408
1099 5540
985 6863
515 4517
1150 5334
1249 7315
2519 6292
2536 4190
1297 7607
3126 6231
2681 5265
3787 6984
1539 7299
2836 7979
1456 5356
1382 5871
2487 4800
2845 7143
2598 7117
1266 7363
3354 6876
2387 7179
1831 4663
1231 7055
2153 6510
2900 6766
1131 5668
3743 7383
3770 4452
1668 5459
1974 6218
1552 7317
2851 6143
2243 7198
2355 4859
1192 5750
1932 6951
1060 5198
1050 8069
457 5104
2581 6868
2465 7201
984 5816
173 7653
3819 4607
3390 5689
911 4193
2505 6794
3222 7265
3540 7312
2006 5729
2497 5327
2566 5786
1799 4807
13 6808
3937 4122
1947 6998
129 7519
1002 8150
1852 5443
2813 7584
3628 5535
1874 7302
3115 5330
3760 5417
3247 6822
3409 5370
2862 6920
569 6636
1429 5533
2766 6929
3692 4127
2052 4107
2482 5739
1599 4177
2697 7328
1246 4748
1715 7461
3333 6353
3064 7506
1720 5879
3109 5426
779 4851
3074 4475
3005 4188
1979 7919
41 5624
3364 7742
3920 5351
2272 5359
2140 5955
371 4723
2756 6191
3083 6521
3162 4635
3201 5248
1759 4159
1393 5064
503 7553
605 7279
1627 5516
2370 6432
3215 4458
1525 6484
3755 6617
541 5665
1732 7451
3147 7528
3454 7707
3476 7598
134 7105
1333 4142
3824 5083
2634 8127
2749 5737
1434 5480
3903 7893
73 5371
1857 4135
128 4499
343 4201
237 6126
1991 6243
2788 8045
3834 8002
3802 7578
105 4445
244 4248
2926 5998
1202 7018
792 6672
2 6500
2203 5513
1814 8007
3225 5214
1086 7014
938 7512
1241 5893
266 4434
2702 6410
2546 4540
3563 5847
2761 5276
633 7397
1779 6538
3624 4923
360 4649
2208 8132
805 4569
205 4934
2043 7670
508 7944
3587 6280
3183 8016
311 6520
1695 7431
2883 7965
3173 8171
921 5001
1563 5193
657 6589
3306 6674
3592 5145
1846 5551
1054 5195
2057 4784
765 6865
2076 4888
2748 5561
1170 5716
2963 5909
1286 7366
3321 6870
398 6506
1035 8176
2368 6675
1466 5797
558 5292
1071 7777
2402 5488
1187 6088
3639 7100
674 5451
2915 5595
2440 4479
2408 6293
2793 6634
1663 4292
2089 5853
3190 6677
1515 5604
2221 6170
1026 7954
3508 5969
1895 6282
1167 4441
2645 6107
2189 8159
2995 4614
1616 6555
3422 4464
3841 4992
530 7688
2617 5883
953 5210
2662 7865
1185 6286
586 4526
2338 6291
1996 5261
3675 7460
662 5639
718 6524
888 7642
2423 4295
2529 5989
926 5099
2909 6249
3807 5822
2121 8003
2235 6851
2144 7535
906 4870
1278 7114
1906 6473
298 5638
2936 4961
1135 5881
2729 7041
1648 7468
412 4191
3660 7550
2001 7509
965 4367
750 7035
3707 7382
1727 8049
1510 8161
1251 6816
618 6102
1764 6118
2413 6969
3130 7762
425 6017
2677 4849
2176 5980
513 6740
1754 7485
2292 6787
430 6738
2391 4661
2904 6090
1680 5681
1959 7050
2556 6401
1103 7750
3358 7481
2275 5022
2033 7926
2149 5979
2253 5546
3871 6643
3042 4803
2585 7668
3257 7778
2717 5740
1219 5072
824 7921
3607 5014
3890 7445
166 5115
3491 6260
34 7491
1483 5460
32 6037
1273 7929
148 5559
3079 7479
2570 6505
1747 5047
2941 7130
264 6416
1548 7243
1927 4647
45 8068
3262 4195
161 4095
745 6813
3289 7981
279 4704
64 5468
2602 7780
3738 5923
2028 7168
1301 5774
3375 8130
1595 4761
3888 6370
3839 6966
3523 4687
2734 6823
573 4469
3792 6841
180 5782
296 5438
3111 4809
3274 4571
17 4346
3686 5463
3696 6389
444 4185
2894 8155
1374 6006
2524 6689
149 6302
3396 7242
2376 8152
1631 4320
375 6213
733 5743
3343 6666
3158 4906
2260 6316
601 7597
3372 5391
743 5702
1965 6051
584 7505
3536 6595
1154 7781
562 6879
904 7120
975 7726
3387 4562
3187 4284
3547 7939
1833 6972
3741 4890
176 5269
3070 5260
2727 6606
423 5272
2970 4116
1007 7599
694 4162
3319 6447
3768 7096
191 7156
1916 6427
402 5288
3636 5892
2048 7297
3925 7286
2859 5182
2938 5097
3504 6339
732 6679
1884 6201
22 7070
1615 5953
1784 7354
1389 7180
3255 5976
44 4505
3811 4487
2791 7161
3240 5012
2789 7303
843 7436
3519 5775
1125 5525
2525 5453
3609 5421
2657 4883
2849 6682
2188 5089
2981 4811
1620 8109
3472 6860
286 5361
1752 6363
2393 6782
3086 7501
1652 5476
3736 7030
3081 8043
3758 6332
1929 6106
3945 8188
3283 5030
3266 8078
2674 5611
2016 6230
2514 4489
2568 7158
1388 7306
3272 6954
875 5376
826 7169
577 5986
711 4759
579 5379
291 7625
3900 4969
1535 7356
2806 6194
2991 4460
958 4695
59 7396
3458 7003
118 7514
1795 6076
1701 4692
3590 7443
2398 5545
2716 4408
3604 7544
1520 6264
3404 6132
3868 6880
2817 4352
1124 7127
281 4721
204 4651
1226 4898
545 6489
1488 5249
2695 6749
1256 4892
2827 4764
259 6942
2134 7125
27 5719
3599 6943
2959 4931
413 5419
3213 4588
12 6345
3304 5337
350 5436
641 4096
1428 6053
3223 5632
2161 8056
71 4200
391 4137
1139 8061
3796 6786
1503 4762
2193 6184
1669 4582
445 6514
3773 6247
936 8122
3118 4385
3751 7886
382 5144
54 4521
572 7119
2029 7692
2326 5053
1707 5486
313 4914
2293 6072
3051 4257
2891 5385
3726 5944
1271 6418
2308 7255
1371 5764
3077 7951
1312 7342
3646 8010
611 4383
787 7776
3651 7701
3695 5973
144 5164
3330 5345
2738 5228
3208 6725
3663 4738
1865 5670
498 5927
1635 4693
2935 5760
3002 8089
1733 7588
1058 5377
1107 4345
1997 7360
3340 7816
3594 7442
1332 6003
3123 7857
49 5106
2753 5865
3436 6691
2442 7587
2759 7734
3783 5845
3487 7352
466 6185
2055 6228
1092 6770
3700 7220
335 5913
2706 5846
3832 5503
2166 7128
1090 7422
236 7351
3619 5919
3579 5715
2457 5143
1897 6012
919 4670
2557 7874
3641 7166
804 6619
181 5848
2425 5572
3416 7332
1258 5489
704 4112
3091 5984
1464 6884
2474 7683
947 6590
3302 4240
3568 7381
3355 5364
1224 5412
2358 6995
1356 5552
2573 6255
2148 4752
3719 5653
1675 7969
540 5243
86 4306
3532 6469
159 7407
672 7849
3384 6727
2510 7325
764 7489
1194 4966
2346 7591
3678 7572
2079 7824
2361 4298
2311 7076
3101 7213
2521 6695
187 4716
1209 6240
2721 5524
2119 5171
3352 7337
900 7565
406 6894
2679 5581
172 5340
831 6877
113 6906
681 5968
3631 5932
2538 5435
1853 5982
1408 4609
1282 5985
2478 5082
3251 4739
219 7346
2151 4584
2642 5482
3155 7539
2084 6850
274 6327
3238 5792
2214 4838
2383 7740
2624 5803
3764 5044
2415 7964
2987 7880
1894 5945
2493 6419
784 4757
3551 6152
2422 7064
1117 7282
3038 5108
2637 4409
1574 5061
1806 8001
1011 4533
419 6657
2774 4422
3287 8014
3515 7417
3683 7807
81 7846
3779 6697
2906 6748
3419 7111
736 7233
1349 5394
2097 4171
3270 6027
377 4437
996 4272
2284 5514
1933 4706
2257 8074
1589 5761
990 6716
3732 6239
1603 6591
2299 5752
2955 8156
2246 7917
230 6438
3106 5993
3468 7262
1542 6912
362 4234
451 6490
76 8082
567 5178
7 6112
1722 5457
2669 7910
1144 7011
245 4780
2116 5823
2839 4448
1771 5135
2943 7183
3710 4542
737 5475
318 7754
2945 7796
509 4871
3197 5331
880 5646
39 7626
649 5051
434 5395
1043 6175
1801 4335
2856 5354
2802 4991
3500 5293
3138 4249
98 8027
616 6011
303 4648
2378 5246
271 4211
3586 6973
208 5858
1690 5720
3182 4476
3066 7678
2896 7379
1571 7915
599 5280
2871 5162
1376 7475
1439 6215
2197 4844
1969 6654
3160 7619
1307 7062
863 4812
2065 6529
1175 8062
103 6167
2180 4977
3456 7138
1667 5843
3219 4813
477 6399
2824 6232
387 7916
811 5974
2182 5686
1877 7372
1471 5817
3747 5324
494 7235
2025 7395
2812 4232
1080 5290
2632 6274
631 6700
2742 7341
758 5925
1339 7709
2605 6633
2610 7448
3027 6276
345 8174
3133 8006
858 7864
552 5697
367 4689
3055 6835
2314 4901
2129 7056
535 6267
2343 4556
3668 7513
2625 6301
609 6214
2111 5305
3073 5446
1630 5009
1993 7310
2780 4197
2267 7204
2261 6400
1821 4266
1731 6019
3800 4559
594 7375
140 6889
799 5063
3572 7364
3932 5366
1909 7561
213 6781
1162 7253
726 5207
2446 8134
621 4146
2757 5111
3165 4379
1862 5772
483 6128
848 5623
520 5189
66 4957
3192 6923
700 7260
3034 5362
240 4973
251 7402
2410 8079
2923 4606
1325 4267
3614 5431
2785 6211
2593 5382
1029 5598
895 5941
3006 5034
3451 6756
1149 5068
964 7730
3298 6450
2874 6265
626 7835
915 5158
3483 8033
1344 6045
1556 4182
769 6478
2542 5184
1460 7384
2289 8113
2647 5753
943 6441
1022 7394
2252 8094
2664 5332
3861 6843
1293 4731
2278 4881
2553 5830
668 4202
155 4643
2928 6303
198 4119
1177 7622
1381 7672
2461 6836
2974 4478
108 5287
330 6900
2842 7264
462 4822
932 6937
1061 6549
1952 5801
3150 8136
2329 7568
3893 4236
2710 5554
2911 7208
1820 4988
1112 6325
2578 7771
1688 6165
3917 7206
912 5326
685 5133
521 6111
3480 5560
1171 7708
3539 7991
2770 6144
2075 8085
2418 4552
1198 7078
130 7284
1841 8041
1396 6157
2439 5018
1926 7074
2962 6031
2365 6127
1474 7765
2350 7515
2725 6010
1699 7852
2401 4465
1594 4502
2212 7349
3627 4377
959 4575
2171 5035
1213 6663
3759 5406
3838 5404
827 6208
2835 4707
2051 7321
2765 7545
3423 5746
1044 5522
2550 6614
695 4548
1245 6375
2481 5471
1066 5812
278 6359
2620 5569
868 4134
1445 4247
1528 7624
3110 7712
2086 5835
780 5790
1643 4174
2139 5799
455 4664
3687 5867
3806 4433
3159 5562
2064 6486
2369 7083
1015 6341
3674 6776
1176 7525
223 5793
608 7426
2931 7077
394 7373
986 6745
306 6639
2288 8158
1113 7015
563 6798
135 6731
3241 5658
2797 7793
3016 7663
2592 7444
2244 7134
1000 4151
2752 5155
2633 6784
2022 6887
299 7679
3363 8005
3310 5336
1477 5841
3706 5908
3325 5548
3142 4963
2535 5031
2101 6826
226 5041
3 6059
1726 4551
1364 7173
2967 7955
2390 4640
1250 7320
1496 8070
2303 6811
851 7338
3178 6488
1102 5694
267 6715
3512 7986
505 7021
2999 5675
2156 7819
438 6712
2207 5048
431 5213
241 4683
80 5227
653 4959
3908 4658
3876 4579
1694 4808
922 7126
167 7861
2693 7210
2984 7812
1973 8149
35 6357
1805 7782
2069 6471
2867 7309
658 7272
2506 5926
3490 5402
3380 7175
1562 7369
2994 4594
754 4974
2005 5967
1413 6440
473 7298
1076 6350
3881 4415
1626 7385
3522 6209
2054 5315
722 5685
1948 5237
3444 7239
1034 4793
2239 8072
490 5388
2914 7483
3031 5717
2816 4215
1583 7387
1809 7199
2952 7858
1662 4750
2614 6671
2096 4915
1304 8123
1873 5107
3427 4876
426 5833
3936 6578
1758 7829
2107 6898
1203 7283
1208 4869
589 4920
162 5942
3576 5920
531 7697
944 4889
2665 7636
2318 7881
3395 7566
2784 6038
2271 8012
680 5378
3206 7948
663 7145
2471 6042
548 8166
2652 5032
3293 4525
3161 5142
3672 6352
1905 6493
1420 5584
927 7409
2037 6364
374 4264
255 7122
2878 5122
2503 6883
1684 4097
1277 5652
2124 4242
2234 8179
1134 4503
648 4711
3146 6971
209 6134
487 6424
2449 7393
112 4570
1509 6644
1081 6279
749 4216
2927 5662
2629 7996
1990 6150
3048 5939
617 5238
516 7423
2202 4126
939 8013
3921 4801
1340 7532
342 5167
123 7214
1472 6057
2333 5587
1145 5279
2256 5190
2846 7827
1018 5769
2597 7335
1958 4218
355 6734
553 5409
3292 6967
2899 5263
968 6426
458 8180
1181 8073
823 5499
836 6296
1551 5947
2582 4792
194 7016
3571 7051
145 4933
3849 5710
1049 4336
2942 5049
3913 7600
2661 5721
1647 5392
1531 4722
2882 5390
1845 4230
2513 7365
2567 6890
1547 4486
776 8147
1748 6930
1798 4727
525 7361
3391 6098
2298 7654
48 7811
712 5220
557 7194
1003 6326
3737 7080
1770 7645
3376 4845
580 6508
2715 7458
3640 5648
690 7412
2863 6990
3315 7818
1598 4115
1516 4428
63 7314
640 8162
1961 6403
2397 6665
1025 8064
3507 6046
295 5728
18 4417
1070 7140
3842 4903
3112 7263
872 4103
705 6723
282 7521
2977 7667
1611 6394
2375 5492
1225 5173
150 7490
2060 4644
1743 6928
707 7413
3082 5245
2192 6023
887 7190
3214 6487
414 8187
971 7188
95 6014
1566 5791
2143 8091
2012 5244
3904 6769
1605 5634
3260 6100
327 4970
3754 5599
3833 6086
3659 6405
2732 7129
1941 8057
954 6189
1252 5117
3462 6373
3129 6861
3949 5549
2678 6284
2518 5784
3228 8138
2175 7615
1780 4848
2821 7226
3209 6503
1753 4637
3058 4634
2386 4995
2407 7150
3786 4781
1267 7792
2720 5128
3872 5437
3608 5680
409 7900
1230 6669
2850 4828
1484 4353
2160 8145
263 5140
1098 4749
310 5666
2888 7877
2831 6584
993 7522
2689 4481
3448 8110
3344 6321
2656 7946
1711 7661
3019 6556
2747 4879
50 6789
1053 5003
1499 5148
2569 7890
3246 4688
67 4414
3642 6151
199 6958
673 6704
2092 6805
1987 5205
3940 7689
2454 4843
3305 6067
1432 7464
2165 4217
3818 4331
3885 4927
1300 7398
3691 6259
3114 8018
2688 7001
3273 6308
3334 7628
3791 7949
177 7403
3063 7231
2920 7234
791 5505
182 6729
331 7419
1188 7585
2700 8015
1186 6980
441 6472
3722 4490
16 5092
1038 5543
585 4224
370 4506
3554 8146
717 7141
3202 5329
502 6909
1869 4220
840 4534
1785 7059
3475 5657
3026 6470
2429 5707
3655 6104
1262 6391
1235 4164
463 6333
3823 7935
2337 4697
2276 7087
2219 4682
1980 8124
2128 6224
127 6179
3801 6295
3774 6914
1317 4558
1830 7530
3127 4102
338 7608
1901 7606
3544 7592
3828 7450
1085 4299
470 5229
576 4387
1658 4370
2322 7694
1538 6594
2701 6739
2486 6668
951 7854
2903 5706
808 4161
2545 4351
2599 7107
3847 5929
3623 4967
1679 8036
3412 5058
3564 7953
3359 7806
3329 6277
3174 4500
2044 7221
359 4259
1130 5218
1579 6288
1285 6386
1218 6324
3041 7028
3095 5673
3853 5045
1336 6115
643 7613
3769 4726
2468 5651
1220 6849
3715 8020
2354 4199
544 5274
907 4820
31 5466
613 7651
2543 6268
2675 5076
2056 4550
1404 4279
1358 7855
2247 5199
1934 7424
2948 5679
3697 7610
2411 4273
3488 5617
2500 7428
744 7737
1543 4666
3107 6722
336 4156
1898 5444
1849 7614
3652 4265
1257 7266
2558 5283
2113 4420
3415 6130
703 6652
3124 4981
2426 5757
2992 5600
1981 5836
656 7222
3493 7976
1023 5112
1702 7698
2379 4302
1221 4854
154 6166
1284 4484
2975 4365
1353 6992
2279 6913
2357 7195
600 7435
1955 6989
2843 6975
2145 7327
1485 5442
1972 6283
2320 4389
2711 4610
2579 7457
864 6020
1749 6916
11 5414
3224 5507
1427 6796
72 5640
3388 7832
1504 6985
1585 7531
175 6818
386 7945
2511 5937
1094 4618
978 6768
1670 6091
1797 6562
3024 6742
3117 8153
2860 4565
2949 6670
2722 5491
1008 6795
2728 7160
3943 6417
1717 4419
2939 7556
314 6560
3071 8105
446 6436
571 6582
1372 5724
3256 4624
595 7856
2892 4733
1881 7684
2807 6094
1272 6779
612 7106
3156 7280
3914 7176
3520 7094
2848 7901
3366 4386
497 5132
3007 7759
43 8163
2266 7344
876 5684
2584 5521
3398 5192
3684 4878
859 7165
3288 4157
1240 4368
991 7744
1617 5434
2865 5119
2875 6374
3168 7032
1940 8114
2435 4139
3284 7249
2760 6463
1421 4396
2013 6223
250 6952
465 8131
3400 6577
2924 4474
231 6425
3478 4198
3433 8087
3946 5603
3139 7571
3620 4842
1839 4866
3584 4543
3452 7738
2458 4189
627 4929
2626 6449
1918 5383
3457 6642
1316 4170
1649 5353
450 5027
2352 6632
1084 4956
3757 6160
2479 7034
3565 4524
3401 7336
2088 7682
1459 4787
2045 6123
3092 4160
99 8037
2818 5866
3067 5163
1180 6968
1966 4286
363 6073
556 4446
931 7931
1685 6915
539 6759
2885 5832
2696 6407
1553 4834
87 6874
1949 6931
2870 6138
2828 5711
482 5095
203 7769
671 7576
1817 7757
3171 4214
2960 7380
2078 5286
1321 4852
1834 6817
1913 6543
3533 6713
3447 6515
2310 6311
976 5591
1844 7493
688 4968
903 7952
3874 5894
3188 5860
524 4285
3548 7133
2194 6299
581 4179
2347 5735
495 7254
1654 5921
1412 4315
2215 5586
1517 7747
2611 4910
2325 4850
3928 6099
759 7960
1216 5907
891 4439
2209 6536
3625 7821
3725 5306
218 5806
1126 8055
2743 7292
2997 5079
2490 6349
104 5660
3346 5026
2187 4630
1189 8090
2110 7334
3320 5002
1010 6774
1390 4908
2305 6081
2919 4339
2342 5427
1575 5852
1289 7520
844 4371
2226 6755
368 4496
3056 6448
1453 4980
2643 5916
1866 7031
2071 6258
2658 4287
3929 8112
2775 4776
1734 7357
2792 7867
1807 4585
771 6457
2907 7616
3665 6846
3039 4950
1998 6680
3797 5341
3593 6721
3336 5380
23 6897
3465 5981
1276 4544
2591 5136
1590 5428
1646 5209
2443 8182
1326 5415
3729 4675
3911 5511
588 6904
3613 4152
1253 8175
2707 7103
961 7761
3864 6078
1385 6940
2594 5357
1721 5778
813 7733
2988 4529
963 4317
517 4121
2167 6567
2273 8060
2174 4212
2283 7878
2389 4270
319 6602
1476 7595
1341 4836
896 5118
2098 7752
748 6854
3484 4493
1674 7850
3789 5889
2855 6119
3709 7941
1639 8106
2853 7192
2251 4239
3825 4407
2290 5197
40 5788
1903 7269
2135 6395
2406 4223
2554 7290
304 6735
1062 5077
2532 6947
26 4667
1508 7882
946 6342
1101 4646
258 6935
158 7911
652 4148
351 7836
2823 7339
3220 6421
390 7549
2811 7723
3104 4140
2004 4942
1629 7009
186 4874
3748 7433
55 6195
2026 4865
114 6551
632 5185
2971 4511
1854 6962
401 6827
2608 5187
3235 4941
171 5021
2431 7295
3501 7716
139 5159
3003 5575
1244 6305
2764 7027
1822 5808
3516 6974
1523 4329
2130 4113
3859 6050
731 5872
3331 7171
418 6815
3136 8165
786 5152
3368 6840
3252 6844
781 7569
3662 5650
2526 5401
2416 5656
3780 4455
1558 4885
2934 5490
2152 7487
2262 5424
2394 8168
3085 6801
207 6957
2315 5181
82 6685
2447 6919
2944 5970
2009 4403
8 6896
1861 5301
75 6068
1030 4416
2956 6217
1689 6462
2081 5625
3181 4362
2384 4810
2475 5405
3694 6404
2786 5703
568 5583
3324 6732
2796 5713
290 5204
119 6905
58 4313
914 7345
378 8167
235 5386
246 4884
2912 4779
2399 7353
2041 7963
3497 5645
433 5678
3879 5090
510 5537
3844 6528
2648 5342
3585 6423
3430 7225
1777 6084
3267 6522
667 6159
3598 6320
1294 4576
2462 6000
1440 4488
929 4940
3149 6623
2330 7223
3896 7440
2198 6699
2576 5851
2066 7410
3529 5498
1193 4301
1077 8075
3677 6703
478 4986
2362 4268
2162 6825
3793 6273
2183 4821
1212 5124
763 6058
272 7148
3351 5062
383 7090
1513 6607
899 8186
1661 7181
2902 5461
2120 7414
2095 4660
832 6544
684 6176
346 5834
2036 6367
3645 7879
1893 7923
2294 5895
2739 4583
549 6526
2494 7543
1444 4827
1442 7319
2917 5938
2623 5574
3761 6885
1994 4391
3552 4492
2779 7136
536 7799
2019 4972
716 4522
214 6444
1161 5636
3420 7359
1614 5169
2421 6494
800 5547
287 5616
1957 5420
1546 7174
2003 6648
2142 5219
3379 7998
1116 5125
1908 5441
3658 7741
2218 7666
151 7758
2930 4210
2123 4222
2258 5397
1133 4289
2374 6976
300 8141
1348 7368
999 7612
2287 6753
1642 7837
2102 6052
2302 6372
2517 5481
2683 6660
447 5888
315 4509
3705 7767
1725 6131
1280 6307
2385 4527
3860 7504
1678 6141
3785 7766
3511 5912
2155 7710
3232 6378
2534 7889
2255 6235
3291 4411
432 7551
833 5897
410 6135
36 5036
967 7927
2983 6891
3865 4729
2719 5322
950 5323
1097 7713
835 5046
262 7438
2587 4560
3733 6055
168 6183
146 7196
3601 7362
2233 4825
30 6297
3892 7159
3882 5779
1395 7029
1625 4399
818 8054
3264 6169
2522 6366
3100 5904
3373 5873
1593 7982
3837 7831
3464 7971
1380 6596
2951 6154
405 6234
3521 6499
1876 6949
2815 7425
2736 7178
1986 6790
854 4147
190 7760
2008 5887
1303 8051
3790 5601
3337 4976
19 7802
1527 5994
183 5074
1148 7748
1673 7099
422 4709
3132 5396
1248 6598
790 4145
2050 4985
867 6592
273 6533
3496 7430
2768 6558
865 4815
3690 7643
1480 4926
3203 5006
373 7447
603 4979
3062 7662
735 6772
3469 5795
3164 8144
1363 7785
2746 7502
2366 6371
564 5309
3309 7000
3822 4423
3145 5091
2636 7495
3015 5114
305 7994
1436 4183
1859 7843
210 5338
2751 7374
2800 4342
326 7104
107 7427
3328 5755
239 6857
242 4611
4 7503
294 5809
3897 5208
2201 5050
126 5960
918 7774
801 7721
1989 7131
136 5494
341 7888
1816 7418
1495 5285
1657 7164
2334 6574
2186 5084
3347 4324
3277 5621
506 6757
268 4274
807 5477
3177 8053
3804 7238
358 6625
79 7415
3875 4577
195 4143
437 6272
1335 4405
1693 5316
2572 7271
2070 7473
3716 7227
3850 6149
1561 5282
2704 6043
1172 4872
897 4520
474 4935
3479 5221
1410 7123
767 8071
2417 7497
1056 5824
664 4309
1033 7690
2961 5004
1288 5940
1197 6066
2913 7621
2091 5654
2404 8107
3323 8135
2714 5311
3196 5655
3426 4765
1891 4412
3030 6580
828 8143
3765 7007
2223 5627
960 4789
635 7838
2795 7466
1473 5863
3633 4897
2619 7699
3424 5273
532 5988
2040 6707
696 5429
720 7590
2340 4429
2668 5069
1165 5360
3045 5019
3506 4676
3843 6988
955 7928
3673 4887
2021 7580
1346 4256
2063 6819
1610 6760
94 6702
3805 5699
2651 7794
2783 8021
796 5959
283 5900
886 4109
2549 5017
928 5247
415 7937
2507 7644
3886 5637
1120 7288
1093 6491
1930 6343
839 5708
624 4753
2353 7973
728 7523
3244 7675
1236 4252
2502 6275
2241 6899
987 5629
2127 5217
2159 5479
3362 5695
2810 7291
464 5297
1352 4326
2731 7237
3128 4213
1829 4278
1977 6408
332 4932
1129 5672
3025 7449
1827 8059
1261 4483
2966 4700
2430 5039
3543 7388
1268 7990
575 5078
3701 4686
1152 4401
427 6329
3057 5137
2803 5203
1532 7997
860 4350
2847 5094
2600 6927
2898 6747
3570 7488
2485 7527
1537 5876
1384 5722
3605 5943
3360 4767
596 7273
1378 6242
1582 6180
2265 8000
3869 6328
1019 4833
528 6638
2467 7048
3772 4719
1976 6608
644 6414
1550 4491
1357 4994
459 7958
2583 4654
3259 7399
908 4856
3489 5614
992 6653
3817 4175
1500 5677
1923 4605
3245 4283
3020 5393
3392 4327
131 6593
47 6869
15 7270
3538 5470
1925 4321
163 6060
200 5252
3939 5177
2539 4628
850 7244
1713 7025
68 4167
1597 5557
2687 8117
2864 7907
1004 5882
982 5381
62 7602
3740 4846
1880 6024
1431 4954
178 7294
1299 4163
3076 7147
3113 4395
277 4982
1902 6289
3394 5693
691 7627
2484 4629
1885 5534
2699 4375
3812 5607
3494 7775
442 4638
1399 7693
3918 6207
1621 5965
501 4955
2372 7706
369 8115
607 4708
2138 5576
3341 5597
1962 7324
2436 7250
1416 5413
3753 6197
3901 8034
90 4662
111 5785
3013 4404
3526 7311
1331 6855
254 7023
227 8092
1606 6600
3474 6369
322 4514
3528 4685
2754 4799
486 4763
2672 7978
2879 6921
2640 6162
3950 7872
803 5483
3437 4463
3580 7834
3461 7579
1320 4587
337 7408
122 6649
2321 4669
1653 7456
469 6290
1944 4187
1367 5038
940 6163
2563 4261
3924 7524
2881 6330
3626 6706
354 4702
83 5861
935 6511
1945 4595
3212 7024
3299 5015
1009 5186
923 4619
3096 5756
3854 4603
2206 5343
1681 4504
2887 5151
1184 8026
3405 4251
2074 5216
309 5592
2690 5532
1463 7751
659 7620
2998 5999
1565 4421
543 5202
2018 7492
2866 6496
1848 5355
2059 7005
215 4537
1490 5840
1037 5165
2297 7002
775 7287
560 4802
3443 4536
2438 4770
2238 7367
639 7885
3432 5040
2615 5553
1769 8035
1917 7200
755 7296
2453 4128
3052 7605
3637 7406
3316 8160
2351 7054
491 6797
1088 7230
2170 7203
2834 5447
2993 5741
3200 6323
2191 7961
1204 7992
1449 6631
1812 7240
2106 4625
222 7977
2087 6356
3933 7330
3553 5054
592 8008
1468 6893
3047 6814
2470 7012
496 5734
3721 4376
454 4868
1069 7603
364 4545
3296 5644
708 5663
232 6554
1912 8019
3035 5013
3575 5113
882 4730
2177 5126
100 8126
2655 4459
1014 4626
1417 6557
1870 7652
3669 6977
972 7329
2771 6145
